9.849885677570018039e-02 5.971234377971165186e-01
-1.481458561478814273e+00 -1.245181179725746157e+00
-1.358614935987193795e-01 2.286625142925439724e-01
-1.057503320913853129e+00 -6.556437021184301495e-01
9.174434519042904412e-01 1.039276546002603663e+00
-5.308508481623481767e-01 -1.171488995024831725e+00
1.064028390153459069e+00 1.260353100105347179e+00
9.849885677570018039e-02 1.039276546002603663e+00
-1.349795443290938257e+00 -1.466257733828489673e+00
7.568144477150807736e-01 1.039276546002603663e+00
-1.452492675477481621e+00 -1.245181179725746157e+00
3.767469132127450049e-01 9.655843613016891203e-01
6.251513295272050907e-01 5.234312530962019760e-01
-1.525346267541439760e+00 -1.761026472632147843e+00
1.064028390153459069e+00 8.918921766007745777e-01
-1.159322798979144142e+00 -1.392565549127575242e+00
-1.525346267541439760e+00 -6.556437021184301495e-01
1.151803802278709599e+00 9.655843613016891203e-01
-1.657009385729315998e+00 -1.392565549127575242e+00
6.690390355898303554e-01 5.971234377971165186e-01
-1.481458561478814273e+00 -1.466257733828489673e+00
-1.525346267541439760e+00 -1.761026472632147843e+00
-3.316426141217594659e-02 5.234312530962019760e-01
-3.693440898518865478e-01 -1.397984092120285737e-01
9.174434519042904412e-01 2.286625142925439724e-01
9.849885677570018039e-02 8.918921766007745777e-01
-1.334873623229645423e+00 -1.171488995024831725e+00
5.224540973406616162e-01 3.760468836943730020e-01
3.179373870888271836e-01 5.234312530962019760e-01
8.296680397790391348e-01 5.971234377971165186e-01
7.129267416524556200e-01 1.549703295916294854e-01
8.595116799016242481e-01 4.497390683952874890e-01
-1.060178534761342800e-01 -3.608749633147720903e-01
4.785663912780364071e-01 6.708156224980310611e-01
3.030155670275346269e-01 2.286625142925439724e-01
-1.290985917167020158e+00 -1.392565549127575242e+00
-1.422649035354896396e+00 -1.687334287931233190e+00
1.180769688280042695e+00 6.708156224980310611e-01
-1.452492675477481621e+00 -8.767202562211736661e-01
1.136881982217417431e+00 1.407737469507176042e+00
7.568144477150807736e-01 6.708156224980310611e-01
-1.408604969414856134e+00 -9.504124409220882086e-01
9.472870920268755546e-01 9.655843613016891203e-01
-1.525346267541439760e+00 -9.504124409220882086e-01
9.174434519042904412e-01 1.549703295916294854e-01
-1.499055595387595308e-01 8.918921766007745777e-01
3.030155670275346269e-01 -5.082593327166010644e-01
-1.218132325103061797e+00 -1.318873364426660810e+00
1.005218864029540971e+00 8.181999918998600352e-01
-1.305907737228312770e+00 -8.767202562211736661e-01
1.151803802278709599e+00 3.023546989934585150e-01
1.078072456093499332e+00 1.407737469507176042e+00
-1.452492675477481621e+00 -1.245181179725746157e+00
1.180769688280042695e+00 6.708156224980310611e-01
-1.540268087602732372e+00 -1.245181179725746157e+00
1.224657394342667960e+00 8.918921766007745777e-01
2.011960889622436133e-01 7.585960189800454098e-03
-1.598199859605397899e+00 -5.082593327166010644e-01
9.472870920268755546e-01 4.497390683952874890e-01
7.278485617137485653e-01 7.445078071989456037e-01
-1.101391026976478393e+00 -8.767202562211736661e-01
8.884775659029573447e-01 9.655843613016891203e-01
-1.525346267541439760e+00 -1.687334287931233190e+00
1.151803802278709599e+00 8.181999918998600352e-01
-1.466536741417521883e+00 -8.030280715202591235e-01
8.007021537777068154e-01 1.555121838909005128e+00
5.961854435258719942e-01 5.234312530962019760e-01
1.064028390153459069e+00 5.234312530962019760e-01
-1.247098211104394672e+00 -4.345671480156866329e-01
1.064028390153459069e+00 1.549703295916294854e-01
4.785663912780364071e-01 8.181999918998600352e-01
-1.334873623229645423e+00 -1.097796810323917294e+00
8.884775659029573447e-01 5.971234377971165186e-01
4.496005052767033106e-01 7.585960189800454098e-03
-1.320829557289605383e+00 -6.556437021184301495e-01
1.386164152653129644e+00 3.760468836943730020e-01
-1.290985917167020158e+00 -8.030280715202591235e-01
9.472870920268755546e-01 5.234312530962019760e-01
3.469032730901598915e-01 3.760468836943730020e-01
9.849885677570018039e-02 8.918921766007745777e-01
5.663418034032868809e-01 3.023546989934585150e-01
7.418926276537887166e-01 8.181999918998600352e-01
5.373759174019537843e-01 -6.610622451111405895e-02
-7.502893784754751660e-01 -4.345671480156866329e-01
5.084100314006214649e-01 1.549703295916294854e-01
1.268545100405293224e+00 1.260353100105347179e+00
4.057127992140781014e-01 3.760468836943730020e-01
9.033993859642502899e-01 6.708156224980310611e-01
-1.159322798979144142e+00 -1.687334287931233190e+00
4.496005052767033106e-01 1.112968730703518094e+00
-1.130356912977811046e+00 -8.030280715202591235e-01
7.418926276537887166e-01 1.407737469507176042e+00
-1.422649035354896396e+00 -1.539949918529404327e+00
1.166725622340002433e+00 5.234312530962019760e-01
-1.452492675477481621e+00 -5.819515174175156069e-01
7.129267416524556200e-01 8.127814489071497062e-02
1.035062504152125973e+00 9.655843613016891203e-01
2.301619749635763212e-01 3.023546989934585150e-01
-1.422649035354896396e+00 -1.466257733828489673e+00
1.239579214403960794e+00 8.181999918998600352e-01
-8.819524966633512930e-01 -6.556437021184301495e-01
7.717362677763737189e-01 1.260353100105347179e+00
-1.218132325103061797e+00 -1.613642103230318758e+00
8.884775659029573447e-01 8.918921766007745777e-01
4.934882113393285752e-01 7.445078071989456037e-01
-1.422649035354896396e+00 -1.761026472632147843e+00
1.064028390153459069e+00 9.655843613016891203e-01
-1.496380381540107107e+00 -1.392565549127575242e+00
1.195691508341334863e+00 1.112968730703518094e+00
1.713524488396581114e-01 7.445078071989456037e-01
1.092994276154791500e+00 3.023546989934585150e-01
-1.042581500852560517e+00 -8.767202562211736661e-01
1.239579214403960794e+00 1.334045284806261611e+00
8.156239738389989835e-01 5.971234377971165186e-01
-1.569233973604065246e+00 -8.767202562211736661e-01
1.005218864029540971e+00 7.445078071989456037e-01
-1.027659680791267460e+00 -1.539949918529404327e+00
9.762529780282078740e-01 1.039276546002603663e+00
-1.466536741417521883e+00 -8.767202562211736661e-01
8.156239738389989835e-01 1.186660915404432526e+00
-7.643334444155153173e-01 -1.318873364426660810e+00
5.084100314006214649e-01 -1.397984092120285737e-01
6.690390355898303554e-01 4.497390683952874890e-01
-1.334873623229645423e+00 -1.097796810323917294e+00
9.762529780282078740e-01 1.260353100105347179e+00
2.450837950248688502e-01 7.445078071989456037e-01
-1.378761329292270910e+00 -1.908410842033976706e+00
8.884775659029573447e-01 8.181999918998600352e-01
-1.071547386853893169e+00 -1.171488995024831725e+00
1.020140684090833805e+00 1.407737469507176042e+00
-1.422649035354896396e+00 -1.908410842033976706e+00
5.961854435258719942e-01 8.918921766007745777e-01
-6.037044402263065379e-01 -1.097796810323917294e+00
7.418926276537887166e-01 1.334045284806261611e+00
-1.452492675477481621e+00 -1.834718657333062275e+00
7.857803337164138702e-01 8.181999918998600352e-01
-1.408604969414856134e+00 -1.466257733828489673e+00
1.268545100405293224e+00 1.112968730703518094e+00
-1.276941851226980118e+00 -1.318873364426660810e+00
2.152401549022837646e-01 5.971234377971165186e-01
6.541172155285374101e-01 7.445078071989456037e-01
-1.101391026976478393e+00 -8.030280715202591235e-01
9.174434519042904412e-01 8.181999918998600352e-01
1.166725622340002433e+00 4.497390683952874890e-01
7.418926276537887166e-01 3.760468836943730020e-01
-1.320829557289605383e+00 -8.767202562211736661e-01
1.005218864029540971e+00 6.708156224980310611e-01
-1.290985917167020158e+00 -1.613642103230318758e+00
1.415130038654461853e+00 1.849890577712663298e+00
-1.481458561478814273e+00 -1.318873364426660810e+00
1.356320512530544420e+00 4.497390683952874890e-01
4.496005052767033106e-01 4.497390683952874890e-01
-9.548060887273096542e-01 -4.345671480156866329e-01
9.762529780282078740e-01 7.445078071989456037e-01
6.953297077436748630e-02 7.585960189800454098e-03
4.496005052767033106e-01 -6.610622451111405895e-02
8.884775659029573447e-01 7.445078071989456037e-01
5.224540973406616162e-01 1.628814023609919781e+00
-1.481458561478814273e+00 -1.318873364426660810e+00
4.206346192753706026e-01 1.334045284806261611e+00
-1.130356912977811046e+00 -1.908410842033976706e+00
5.812636234645798261e-01 1.112968730703518094e+00
-1.305907737228312770e+00 -9.504124409220882086e-01
3.030155670275346269e-01 5.234312530962019760e-01
1.072344465044929897e-02 -3.608749633147720903e-01
9.613311579669157059e-01 3.760468836943730020e-01
-9.837719747286423067e-01 -5.819515174175156069e-01
1.327354626529211323e+00 1.260353100105347179e+00
-1.364717263352230869e+00 -1.392565549127575242e+00
9.911747980895008192e-01 1.628814023609919781e+00
-1.378761329292270910e+00 -1.613642103230318758e+00
-1.233054145164354409e+00 -1.024104625623002640e+00
9.613311579669157059e-01 4.497390683952874890e-01
-1.358614935987193795e-01 -2.134905939129430885e-01
5.961854435258719942e-01 7.445078071989456037e-01
7.418926276537887166e-01 7.445078071989456037e-01
8.884775659029573447e-01 1.549703295916294854e-01
-9.398842686660170420e-01 -1.539949918529404327e+00
4.496005052767033106e-01 1.039276546002603663e+00
5.961854435258719942e-01 2.286625142925439724e-01
-1.408604969414856134e+00 -1.171488995024831725e+00
9.613311579669157059e-01 4.497390683952874890e-01
6.690390355898303554e-01 8.918921766007745777e-01
2.450837950248688502e-01 8.918921766007745777e-01
-1.276941851226980118e+00 -1.466257733828489673e+00
8.296680397790391348e-01 5.234312530962019760e-01
5.224540973406616162e-01 9.655843613016891203e-01
-1.452492675477481621e+00 -1.834718657333062275e+00
8.156239738389989835e-01 8.918921766007745777e-01
-1.145278733039103880e+00 -1.171488995024831725e+00
1.151803802278709599e+00 7.445078071989456037e-01
-1.452492675477481621e+00 -1.024104625623002640e+00
1.151803802278709599e+00 3.760468836943730020e-01
5.373759174019537843e-01 9.655843613016891203e-01
4.197568651541181972e-01 4.497390683952874890e-01
6.541172155285374101e-01 7.445078071989456037e-01
1.072344465044929897e-02 1.186660915404432526e+00
7.708585136551209249e-01 4.497390683952874890e-01
-1.086469206915185781e+00 -1.466257733828489673e+00
1.035062504152125973e+00 5.234312530962019760e-01
-1.218132325103061797e+00 -8.030280715202591235e-01
7.568144477150807736e-01 8.181999918998600352e-01
5.663418034032868809e-01 1.481429654208090696e+00
-1.422649035354896396e+00 -1.318873364426660810e+00
9.762529780282078740e-01 5.234312530962019760e-01
-1.496380381540107107e+00 -1.834718657333062275e+00
7.717362677763737189e-01 4.497390683952874890e-01
3.179373870888271836e-01 9.655843613016891203e-01
-1.364717263352230869e+00 -1.613642103230318758e+00
8.884775659029573447e-01 8.918921766007745777e-01
-9.697279087886021554e-01 7.585960189800454098e-03
1.064028390153459069e+00 6.708156224980310611e-01
-1.422649035354896396e+00 -1.613642103230318758e+00
3.030155670275346269e-01 3.023546989934585150e-01
-6.213014741350902925e-02 -5.082593327166010644e-01
6.541172155285374101e-01 3.760468836943730020e-01
-9.548060887273096542e-01 -1.318873364426660810e+00
1.151803802278709599e+00 1.702506208310834213e+00
-1.305907737228312770e+00 -1.171488995024831725e+00
5.812636234645798261e-01 3.760468836943730020e-01
-1.422649035354896396e+00 -1.539949918529404327e+00
6.839608556511233006e-01 8.181999918998600352e-01
-1.525346267541439760e+00 -1.245181179725746157e+00
8.735557458416643994e-01 3.023546989934585150e-01
4.496005052767033106e-01 5.234312530962019760e-01
5.522977374632467296e-01 5.971234377971165186e-01
5.224540973406616162e-01 5.234312530962019760e-01
6.839608556511233006e-01 5.234312530962019760e-01
3.767469132127450049e-01 -6.610622451111405895e-02
9.323652719655826093e-01 5.971234377971165186e-01
5.224540973406616162e-01 -6.610622451111405895e-02
-9.398842686660170420e-01 -1.245181179725746157e+00
6.102295094659121455e-01 1.112968730703518094e+00
-1.115435092916518434e+00 -1.539949918529404327e+00
8.445898598403320801e-01 1.407737469507176042e+00
-1.408604969414856134e+00 -1.245181179725746157e+00
-1.437570855416188786e+00 -1.245181179725746157e+00
6.980049215911634519e-01 4.497390683952874890e-01
4.057127992140781014e-01 5.971234377971165186e-01
-1.013615614851227420e+00 -5.082593327166010644e-01
5.812636234645798261e-01 3.023546989934585150e-01
-9.986937947899349188e-01 -1.761026472632147843e+00
1.268545100405293224e+00 1.112968730703518094e+00
-5.159290281010555645e-01 -5.819515174175156069e-01
9.613311579669157059e-01 1.039276546002603663e+00
3.030155670275346269e-01 8.181999918998600352e-01
-1.233054145164354409e+00 -1.024104625623002640e+00
7.717362677763737189e-01 8.181999918998600352e-01
-1.189166439101729145e+00 -2.871827786138576033e-01
7.568144477150807736e-01 2.286625142925439724e-01
-1.130356912977811046e+00 -1.245181179725746157e+00
8.445898598403320801e-01 8.918921766007745777e-01
6.953297077436748630e-02 1.549703295916294854e-01
8.884775659029573447e-01 1.549703295916294854e-01
5.812636234645798261e-01 1.260353100105347179e+00
2.889715010874944756e-01 6.708156224980310611e-01
3.767469132127450049e-01 7.585960189800454098e-03
8.445898598403320801e-01 8.918921766007745777e-01
-1.305907737228312770e+00 -1.097796810323917294e+00
6.980049215911634519e-01 5.971234377971165186e-01
1.122837916277377390e+00 5.234312530962019760e-01
9.174434519042904412e-01 9.655843613016891203e-01
-1.437570855416188786e+00 -9.504124409220882086e-01
6.690390355898303554e-01 8.918921766007745777e-01
-1.320829557289605383e+00 -2.055795211435806014e+00
-1.086469206915185781e+00 -8.030280715202591235e-01
1.107916096216084334e+00 3.023546989934585150e-01
5.522977374632467296e-01 7.445078071989456037e-01
-1.174244619040436532e+00 -1.834718657333062275e+00
8.156239738389989835e-01 1.407737469507176042e+00
-1.466536741417521883e+00 -1.834718657333062275e+00
8.595116799016242481e-01 2.286625142925439724e-01
